(400.0,300.0)

(400.0,300.0)

(400.0,300.0)

(400.0,300.0)

(400.0,300.0)

(400.0,300.0)

(400.0,300.0)

(400.0,300.0)

(400.0,300.0)

(400.0,300.0)

(400.0,300.0)

(400.0,300.0)

(400.0,300.0)

(400.0,300.0)

(400.0,300.0)

(400.0,300.0)

(400.0,300.0)

(400.0,300.0)

(400.0,300.0)

(400.0,300.0)

(400.0,300.0)

(400.0,300.0)

(400.0,300.0)

(400.0,300.0)

(400.0,300.0)

(400.0,300.0)

(400.0,300.0)

(400.0,300.0)

(400.0,300.0)

(400.0,300.0)

(400.0,300.0)

(100.0,300.0)
(560.0,200.0)(560.0,280.0)(200.0,240.0)(200.0,320.0)
(100.0,300.0)
(551.0,200.0)(551.0,280.0)(209.0,240.0)(209.0,320.0)
(100.0,300.0)
(542.0,200.0)(542.0,280.0)(218.0,240.0)(218.0,320.0)
(100.0,300.0)
(533.0,200.0)(533.0,280.0)(227.0,240.0)(227.0,320.0)
(100.0,300.0)
(524.0,200.0)(524.0,280.0)(236.0,240.0)(236.0,320.0)
(100.0,300.0)
(515.0,200.0)(515.0,280.0)(245.0,240.0)(245.0,320.0)
(100.0,300.0)
(506.0,200.0)(506.0,280.0)(254.0,240.0)(254.0,320.0)
(100.0,300.0)
(497.0,200.0)(497.0,280.0)(263.0,240.0)(263.0,320.0)
(100.0,300.0)
(488.0,200.0)(488.0,280.0)(272.0,240.0)(272.0,320.0)
(100.0,300.0)
(479.0,200.0)(479.0,280.0)(281.0,240.0)(281.0,320.0)
(100.0,300.0)
(470.0,200.0)(470.0,280.0)(290.0,240.0)(290.0,320.0)
(100.0,300.0)
(461.0,200.0)(461.0,280.0)(299.0,240.0)(299.0,320.0)
(100.0,300.0)
(452.0,200.0)(452.0,280.0)(308.0,240.0)(308.0,320.0)
(100.0,300.0)
(443.0,200.0)(443.0,280.0)(317.0,240.0)(317.0,320.0)
(100.0,300.0)
(434.0,200.0)(434.0,280.0)(326.0,240.0)(326.0,320.0)
(100.0,300.0)
(425.0,200.0)(425.0,280.0)(335.0,240.0)(335.0,320.0)
(100.0,300.0)
(416.0,200.0)(416.0,280.0)(344.0,240.0)(344.0,320.0)
(100.0,300.0)
(407.0,200.0)(407.0,280.0)(353.0,240.0)(353.0,320.0)
(100.0,300.0)
(398.0,200.0)(398.0,280.0)(362.0,240.0)(362.0,320.0)
(100.0,300.0)
(389.0,200.0)(389.0,280.0)(371.0,240.0)(371.0,320.0)
(100.0,300.0)
(380.0,200.0)(380.0,280.0)(380.0,240.0)(380.0,320.0)
(100.0,300.0)
(371.0,200.0)(371.0,280.0)(389.0,240.0)(389.0,320.0)
(100.0,300.0)
(362.0,200.0)(362.0,280.0)(398.0,240.0)(398.0,320.0)
(100.0,300.0)
(353.0,200.0)(353.0,280.0)(407.0,240.0)(407.0,320.0)
(100.0,300.0)
(344.0,200.0)(344.0,280.0)(416.0,240.0)(416.0,320.0)
(100.0,300.0)
(335.0,200.0)(335.0,280.0)(425.0,240.0)(425.0,320.0)
(100.0,300.0)
(326.0,200.0)(326.0,280.0)(434.0,240.0)(434.0,320.0)
(100.0,300.0)
(317.0,200.0)(317.0,280.0)(443.0,240.0)(443.0,320.0)
(100.0,300.0)
(308.0,200.0)(308.0,280.0)(452.0,240.0)(452.0,320.0)
(100.0,300.0)
(299.0,200.0)(299.0,280.0)(461.0,240.0)(461.0,320.0)
(100.0,300.0)
(290.0,200.0)(290.0,280.0)(470.0,240.0)(470.0,320.0)
(100.0,300.0)
(281.0,200.0)(281.0,280.0)(479.0,240.0)(479.0,320.0)
(100.0,300.0)
(272.0,200.0)(272.0,280.0)(488.0,240.0)(488.0,320.0)
(100.0,300.0)
(263.0,200.0)(263.0,280.0)(497.0,240.0)(497.0,320.0)
(100.0,300.0)
(254.0,200.0)(254.0,280.0)(506.0,240.0)(506.0,320.0)
(100.0,300.0)
(245.0,200.0)(245.0,280.0)(515.0,240.0)(515.0,320.0)
(100.0,300.0)
(236.0,200.0)(236.0,280.0)(524.0,240.0)(524.0,320.0)
(100.0,300.0)
(227.0,200.0)(227.0,280.0)(533.0,240.0)(533.0,320.0)
(100.0,300.0)
(218.0,200.0)(218.0,280.0)(542.0,240.0)(542.0,320.0)
(100.0,300.0)
(209.0,200.0)(209.0,280.0)(551.0,240.0)(551.0,320.0)
(100.0,300.0)
(200.0,200.0)(200.0,280.0)(560.0,240.0)(560.0,320.0)
(143.0,340.0)
(560.0,200.0)(560.0,280.0)(200.0,240.0)(200.0,320.0)
(143.0,344.0)
(551.0,200.0)(551.0,280.0)(209.0,240.0)(209.0,320.0)
(143.0,348.0)
(542.0,200.0)(542.0,280.0)(218.0,240.0)(218.0,320.0)
(143.0,352.0)
(533.0,200.0)(533.0,280.0)(227.0,240.0)(227.0,320.0)
(143.0,356.0)
(524.0,200.0)(524.0,280.0)(236.0,240.0)(236.0,320.0)
(143.0,360.0)
(515.0,200.0)(515.0,280.0)(245.0,240.0)(245.0,320.0)
(143.0,364.0)
(506.0,200.0)(506.0,280.0)(254.0,240.0)(254.0,320.0)
(143.0,365.0)
(497.0,200.0)(497.0,280.0)(263.0,240.0)(263.0,320.0)
(143.0,365.0)
(488.0,200.0)(488.0,280.0)(272.0,240.0)(272.0,320.0)
(143.0,365.0)
(479.0,200.0)(479.0,280.0)(281.0,240.0)(281.0,320.0)
(143.0,365.0)
(470.0,200.0)(470.0,280.0)(290.0,240.0)(290.0,320.0)
(143.0,365.0)
(461.0,200.0)(461.0,280.0)(299.0,240.0)(299.0,320.0)
(143.0,365.0)
(452.0,200.0)(452.0,280.0)(308.0,240.0)(308.0,320.0)
(143.0,365.0)
(443.0,200.0)(443.0,280.0)(317.0,240.0)(317.0,320.0)
(143.0,365.0)
(434.0,200.0)(434.0,280.0)(326.0,240.0)(326.0,320.0)
(143.0,365.0)
(425.0,200.0)(425.0,280.0)(335.0,240.0)(335.0,320.0)
(143.0,365.0)
(416.0,200.0)(416.0,280.0)(344.0,240.0)(344.0,320.0)
(143.0,365.0)
(407.0,200.0)(407.0,280.0)(353.0,240.0)(353.0,320.0)
(143.0,365.0)
(398.0,200.0)(398.0,280.0)(362.0,240.0)(362.0,320.0)
(143.0,365.0)
(389.0,200.0)(389.0,280.0)(371.0,240.0)(371.0,320.0)
(143.0,365.0)
(380.0,200.0)(380.0,280.0)(380.0,240.0)(380.0,320.0)
(143.0,365.0)
(371.0,200.0)(371.0,280.0)(389.0,240.0)(389.0,320.0)
(143.0,365.0)
(362.0,200.0)(362.0,280.0)(398.0,240.0)(398.0,320.0)
(143.0,365.0)
(353.0,200.0)(353.0,280.0)(407.0,240.0)(407.0,320.0)
(143.0,365.0)
(344.0,200.0)(344.0,280.0)(416.0,240.0)(416.0,320.0)
(143.0,365.0)
(335.0,200.0)(335.0,280.0)(425.0,240.0)(425.0,320.0)
(143.0,365.0)
(326.0,200.0)(326.0,280.0)(434.0,240.0)(434.0,320.0)
(143.0,365.0)
(317.0,200.0)(317.0,280.0)(443.0,240.0)(443.0,320.0)
(143.0,365.0)
(308.0,200.0)(308.0,280.0)(452.0,240.0)(452.0,320.0)
(143.0,365.0)
(299.0,200.0)(299.0,280.0)(461.0,240.0)(461.0,320.0)
(143.0,365.0)
(290.0,200.0)(290.0,280.0)(470.0,240.0)(470.0,320.0)
(143.0,365.0)
(281.0,200.0)(281.0,280.0)(479.0,240.0)(479.0,320.0)
(143.0,365.0)
(272.0,200.0)(272.0,280.0)(488.0,240.0)(488.0,320.0)
(143.0,365.0)
(263.0,200.0)(263.0,280.0)(497.0,240.0)(497.0,320.0)
(143.0,365.0)
(254.0,200.0)(254.0,280.0)(506.0,240.0)(506.0,320.0)
(143.0,365.0)
(245.0,200.0)(245.0,280.0)(515.0,240.0)(515.0,320.0)
(143.0,365.0)
(236.0,200.0)(236.0,280.0)(524.0,240.0)(524.0,320.0)
(143.0,365.0)
(227.0,200.0)(227.0,280.0)(533.0,240.0)(533.0,320.0)
(143.0,365.0)
(218.0,200.0)(218.0,280.0)(542.0,240.0)(542.0,320.0)
(143.0,365.0)
(209.0,200.0)(209.0,280.0)(551.0,240.0)(551.0,320.0)
(143.0,365.0)
(200.0,200.0)(200.0,280.0)(560.0,240.0)(560.0,320.0)
(143.0,365.0)
(560.0,200.0)(560.0,280.0)(200.0,240.0)(200.0,320.0)
(143.0,365.0)
(551.0,200.0)(551.0,280.0)(209.0,240.0)(209.0,320.0)
(143.0,365.0)
(542.0,200.0)(542.0,280.0)(218.0,240.0)(218.0,320.0)
(143.0,365.0)
(533.0,200.0)(533.0,280.0)(227.0,240.0)(227.0,320.0)
(143.0,365.0)
(524.0,200.0)(524.0,280.0)(236.0,240.0)(236.0,320.0)
(143.0,365.0)
(515.0,200.0)(515.0,280.0)(245.0,240.0)(245.0,320.0)
